,0,1,2,3,4,5,6,7,8,9,10,11,12,13,14,15,16,17,18,19,20,21,22,23,24,25,26,27,28,29,30,31,32,33,34,35,36,37,38,39,40,41,42,43,44,45,46,47,48,49,50,51,52,53,54,55,56,57,58,59,60,61,62,63,64,65,66,67,68,69,70,71,72,73,74,75,76,77,78,79,80,81,82,83,84,85,86,87,88,89,90,91,92,93,94,95,96,97,98,99,100,101,102,103,104,105,106,107,108,109,110,111,112,113,114,115,116,117,118,119,120,121,122,123,124,125,126,127,128
0,1.0000000000135003,0.70980133234117,0.44305123160182625,0.08231945126557857,-0.07816405522143094,-0.11398746901785094,-0.05514557982726767,0.046493177088203164,-0.023495167965297173,-0.0667190407987372,-0.05609860026298724,-0.01568556091596074,-0.03347749270473734,-0.0731758648261853,-0.025962049551588894,-0.03231724453176274,-0.019058111242769505,-0.060784505216681724,-0.03878338669945404,0.011666677145213071,0.017221752067421874,-0.023455201924766713,0.00236385964698423,-0.04358510979486851,-0.023513826665884585,-0.11206531164827285,-0.08671240716978743,-0.05950803830149503,-0.12054142490346835,-0.12934466747213683,-0.0627617476821866,0.043868279301476645,-0.007068914222474567,0.012779339718123311,0.12824291111148858,0.1809632939432257,0.15530370754248748,0.34967413638956946,0.49842954778034115,0.5959702686541565,0.4083294239700378,0.24349343375804788,0.12001416486707568,0.040345157628289774,0.005834680626024295,-0.011250671636242616,-0.03838927716763725,-0.08234558047545061,-0.13750828986707742,-0.12808076879355168,-0.07819477209339322,0.02022797570278543,0.07550796464290788,0.22684997771455645,0.2505414229451902,0.16674356884209118,0.13239601552450314,0.034544072705885685,-0.04668582026265599,-0.174508956954268,-0.14785065783500942,-0.13962525238022938,-0.12576118447824913,-0.16881035694932742,-0.2039236117423664,-0.19565365739853627,-0.22922719191518162,-0.18163276187400734,-0.13792612028503148,-0.09571572350321836,-0.09121823721347526,-0.15046068983950195,-0.13766706635989526,-0.16242814647604983,-0.15260448961654832,-0.13284199397857852,-0.15333749844612746,-0.15479406252062144,-0.1639438871350855,-0.17142638258324774,-0.08568696785143919,-0.058434763923624546,-0.017770984824911008,0.08808474284360716,0.11244845835804153,0.190209804889781,0.17433661743301151,0.1622468715359387,0.09073208775995378,0.037693151854673604,0.031972385379720906,0.13617289367960433,0.11048029039346728,0.003881355547654047,0.05179506612234802,0.061907074189913015,0.06417044051404243,0.07098174689755433,0.05075074513121414,0.02467730091068084,0.04078487055461907,0.0931524418591937,-0.029767720445142122,0.05843290218404702,0.06754814501033303,0.11702984566300687,0.1137242018337765,0.08538763620335986,0.0636514623733099,0.026562001714759965,0.017827245814554037,0.10732507879593625,0.05108404546981296,-0.05178202923005234,-0.05979204461235433,0.033088282235101504,0.021229512682635156,-0.049115015620901856,-0.12030035494764442,-0.11817789608623847,-0.15672011959859383,-0.21556824197040458,-0.19247440195209894,-0.18811881838863728,-0.20618311892706775,-0.165116827772984,-0.11491446012120973,-0.10716094093483941,-0.018796907236345833
1,0.70980133234117,0.9999999999880744,0.6695254669473988,0.22591337139669618,0.015548951687108604,-0.04909218531864648,0.024990052005234624,0.11818932507161842,0.030474192266953404,-0.0191659890708386,-0.018095773887773177,0.012600793812981096,-0.018803750240029154,-0.03554812846319433,-0.024017930653558218,-0.05824873641651079,-0.04425855256929628,-0.07250608780269005,-0.0490905141489541,0.010711266783099109,0.029564367577538914,0.021077379148871925,0.021110118940211513,-0.036638557865065785,-0.021790556706411755,-0.09121160006045216,-0.09114901313755007,-0.046315849397985935,-0.11092938260367227,-0.13569853204336194,-0.04848328235335328,0.0826614090963656,0.03842084609035854,0.059180687295144835,0.21380574803548383,0.2791680644185784,0.2899882302077373,0.5026883818112827,0.6043119795390133,0.4899374521910529,0.33471034619696344,0.23003619497313058,0.12134453363587196,0.04997175325365373,-0.005017019130081905,-0.012052468007211024,-0.031713671073547195,-0.06988723240746939,-0.12756584231377482,-0.12773299790217776,-0.094643372563994,-0.01229700044922657,0.014229781871866517,0.15092549306887376,0.20582988252408024,0.11194443618145682,0.09762429096121492,-0.00946363795656799,-0.07496898623064004,-0.1907265129481693,-0.14803898189122913,-0.14652344282555457,-0.14770335867194012,-0.1855238852193863,-0.2015253255416846,-0.20280428863843739,-0.21470207737363742,-0.17890549078701778,-0.12992569522456573,-0.07054248853018875,-0.06564342789598192,-0.14173176647649596,-0.1229175886063394,-0.1554289804479468,-0.15940416094325618,-0.14760589731881663,-0.1529777811755813,-0.16447942411178,-0.18334225528002732,-0.18852611270036335,-0.09419814480860367,-0.09168137970127051,-0.07224728817972965,0.03436662196778845,0.054152955142748795,0.18342203991447517,0.10815939639992797,0.10860104716894917,0.055561169391630756,0.02036048068649978,0.01637746239427375,0.11127385099650455,0.09196197810813474,-0.017139589780834134,0.03850346255588942,0.05168904592388003,0.049667191978253186,0.045232553000229096,0.0481197335121515,0.03202969646583718,0.04663863536223096,0.09994839887922768,-0.01788828688048903,0.06415975418243347,0.06688341861967449,0.10318546364255425,0.10968980327672259,0.038406851509930846,0.010437910218763646,-0.008956940751931966,-0.024098916474509825,0.051342854059434395,-0.023981988946401345,-0.1069988384316366,-0.08653836053817322,0.022846412827958296,0.016278781269261203,-0.07621212460476241,-0.13492288838521457,-0.13419636913510638,-0.153944072420439,-0.22217332119613123,-0.18641672721646133,-0.1716384523883605,-0.21091503611709603,-0.17231157802339145,-0.11549191720729632,-0.09939408849990469,-0.014632561540383908
2,0.44305123160182625,0.6695254669473988,0.9999999999843511,0.6313747017484221,0.3126119909555268,0.19229644963684886,0.3448039914546934,0.40278360194542256,0.19459609995750415,0.11672087552868803,0.13765259970276356,0.11271073775442281,0.03241876050275358,0.009466382001554164,0.015677628571283346,-0.02130985356966314,-0.02280967013864014,-0.051411107309224775,-0.07290485033338252,-0.030241847188152978,-0.0019390114613437686,0.00554102257729904,-0.01483007795929091,-0.045695072969648406,-0.013645198920973056,-0.10280474298746145,-0.1182569442119814,-0.04969468123690723,-0.08383052682978973,-0.11093534848985406,-0.018084686315213427,0.08273999503722103,0.03215088019113977,0.029442229899083766,0.14190513232952157,0.17821403413976805,0.24226541666462964,0.4565164337313136,0.41799265107973665,0.31251098837559904,0.1457146270900576,0.10098449498588044,0.02249114217359024,0.0030460725204353107,-0.003406598003072685,0.012877314057780505,0.013662684014567822,0.004135132138584702,-0.06384236126851175,-0.0650322438279296,-0.088655469756303,-0.042684919826894034,-0.08859206451092003,0.040130281380292454,0.08655459465912971,0.05178987185378359,0.031913671813226414,-0.03076864568236318,-0.0446573682609236,-0.11413419423823476,-0.0339432324187138,-0.06803458378053459,-0.08893728718427127,-0.16069030866932493,-0.16801201062398044,-0.16186006801981054,-0.19259311253049138,-0.1452466090726622,-0.08334436967801391,-0.05789853106749524,-0.05866274703609882,-0.07835011262414067,-0.045188172984184705,-0.096673832402743,-0.08658214130093718,-0.13847064063336192,-0.15176635446355918,-0.19050737847241994,-0.21132373130370924,-0.23117235950174164,-0.17033781131225148,-0.17455545164004344,-0.1541149469644106,-0.06250509704411836,-0.048651349382164484,0.10736825779437345,0.018820582234625575,0.05180400201939113,0.008894861545656585,-0.01920318914905102,-0.022603502479775946,0.04860306425524966,0.040841422059703286,-0.04063879462013298,0.01031526173870846,0.020156336275521564,0.040016734998838614,0.04131526334618402,0.01852008243583702,0.024531564196178936,0.04247012274422489,0.0854889513574884,-0.03817023726265489,-0.025444644078891594,-0.019093020213661445,0.019975485182358484,0.03351216027338191,-0.001348108503511472,0.0018657854311706014,-0.045822955026980194,-0.06786467290537435,-0.003968476162512932,-0.028828660750331574,-0.13475704301230287,-0.13843658982852572,-0.07187531655723585,-0.04747035249932823,-0.11087231198187227,-0.1340174514451674,-0.13802703191093776,-0.14766563373354777,-0.18329286663165945,-0.1551294051375522,-0.13977889455060113,-0.19475897145018628,-0.1638975144470751,-0.09347988970016659,-0.0540288193306509,0.0805222445944082
3,0.08231945126557857,0.22591337139669618,0.6313747017484221,0.9999999999781768,0.6667085248043301,0.484431994716463,0.5694620066878749,0.4878513811810966,0.3041178882276249,0.238969177369151,0.21143595981203137,0.1418135462597238,0.06800160871005183,0.03135397525523275,-0.003872699677014299,-0.02848283446611073,-0.026367876026554063,-0.03719339302131969,-0.0984307582480488,-0.08954515857634736,-0.06969870058117565,-0.07679289364891287,-0.08373453346848571,-0.08240047723286571,-0.04030124650710036,-0.10065214720035894,-0.11799115513085355,-0.05942804383389838,-0.04008117338995023,-0.08543941605971343,-0.02950547563673525,0.007172036584709942,-0.002210281803857823,-0.035396647719965535,-0.012929968043394533,-0.013262125319749086,0.07639165122788084,0.19052158845981235,0.07172507445282747,0.006963940888777687,-0.12119872494027555,-0.12558465398679444,-0.10865331232130734,-0.08581139736645373,-0.03299338138079025,0.00601281868780338,0.04408281477184225,0.08048887437017911,0.03944828237448743,0.05287824741329632,-0.058084669859913875,-0.09727678934830068,-0.1912912727537679,-0.14011116647286462,-0.11088244652515472,-0.06738367384157903,-0.09609511972976612,-0.08555352302679747,-0.006237829242210067,0.02607457375716809,0.13126833031974183,0.07630844932498698,0.04374659034988759,-0.023358287235842275,-0.024628700944125455,-0.014290297961217816,-0.049249866884976436,-0.01946840656219647,0.06734275908806463,0.03177457647055467,0.028241272757034294,0.0680482194414488,0.10097038568094745,0.06938621058188342,0.07180923923816088,-0.02464515462244401,-0.013330659499152953,-0.07934439935667524,-0.10519982832156026,-0.15698549121263702,-0.13309688170031617,-0.17886598937365417,-0.2167304890984675,-0.1671446041205076,-0.1499892343553529,-0.03244391287317899,-0.12346080540482537,-0.09386595144283635,-0.09503761889414311,-0.10552521312095321,-0.10653748194943172,-0.07071394931245083,-0.02710582861372227,-0.06753541691689982,-0.04662249269546767,-0.023328813166439474,0.003667956939664298,-0.011696738219751755,-0.018429190476678688,0.016395350353433705,0.04133766044548509,-0.0037868837670587763,-0.037905518442813084,-0.11396032824563569,-0.1290554508907261,-0.09776296530487293,-0.07533223992217793,-0.08055081548447497,-0.061946409944690264,-0.0901004721678634,-0.11772628479183732,-0.08198346020609729,-0.07210010378927434,-0.09737584282348813,-0.1268523761129035,-0.11889114002159133,-0.07689513775729007,-0.0638727282106464,-0.030233429512492166,-0.051791889931282524,-0.021588823321005535,-0.005383912179096071,0.020402199282646766,0.00020268230186816906,-0.04991136671527117,-0.05130512500018598,-0.016737512824933836,-0.028132688487703325,0.055121847999723105
4,-0.07816405522143094,0.015548951687108604,0.3126119909555268,0.6667085248043301,0.9999999999840903,0.6887525514454939,0.5597690640224865,0.5048802903074723,0.37857865528846874,0.25271515058772037,0.178940504445998,0.08701997272630999,0.019282654165219446,-0.01375091191193887,-0.052683492327371684,-0.04806286834759322,-0.04116315049285477,-0.02195374868070546,-0.07818753961987131,-0.09382052693219853,-0.10180296672209233,-0.08299933975026834,-0.08241550666604562,-0.03538277138056321,0.007558027686443098,-0.007769461120252196,-0.036538727605103224,-0.0014713831444392884,0.026289968176732244,-0.00028409886410614904,0.026385340325129424,0.015879572540556792,0.011364857525564336,-0.00396079931046457,-0.027633230342471997,-0.07858233931412129,-0.016191849431410252,0.05182699007499245,-0.08254759625794394,-0.11292229332660543,-0.17373753942324746,-0.18019499030930325,-0.1548565050201067,-0.1343399941474704,-0.08095908009843361,-0.021724686172807338,0.025692176467312883,0.07264325063761674,0.04435995810559214,0.054498163521104835,-0.05814753020111157,-0.10247964526518158,-0.15552933623583914,-0.15319981198795604,-0.1389407614638022,-0.0940347351157809,-0.12265014469383592,-0.10991568112128529,-0.026883165720930847,0.04527179074225405,0.10983277322129346,0.03464171253287849,0.024976926867251427,0.006197722720941313,0.025888175079315248,0.06106788118179049,0.06496223929352529,0.05463061067151452,0.064322900776008,0.045994583037959794,0.030571935932404794,0.09223359815342695,0.11461706951877763,0.09462071501555451,0.07155909507908836,-0.006128915492179437,0.03146424345949024,-0.02960123243556965,-0.04870945836872783,-0.09359200135229262,-0.08910032184524101,-0.14563748797006235,-0.19396652410673387,-0.1776233319422769,-0.1549514094046606,-0.0793678616645082,-0.1717744375263361,-0.1887833341294901,-0.1596723828589372,-0.1510003817661396,-0.18330616768208874,-0.18833315757485458,-0.13016710432046397,-0.15735746649756227,-0.1933467126633009,-0.15747075838113256,-0.10525155549167908,-0.12096586535950203,-0.062453977697699725,-0.04214663419228949,0.0200816930543972,0.00974892159687606,-0.005210663968668071,-0.13075488870644073,-0.09921539844486021,-0.09771315811661178,-0.06725260721966543,-0.05969460971695598,-0.03699772794278878,-0.05482700375515471,-0.07977759326138682,-0.08521150382330869,-0.06333626368581896,-0.05874723039589307,-0.0533062944723961,-0.06376327941292004,-0.040899309151914795,-0.0001372782149699174,0.04852895974000331,0.07948709678406797,0.11512851468420392,0.1487384582506677,0.24767533951699022,0.15961426104665716,0.05065911531323194,-0.04063625259482835,-0.09630408100531124,-0.058193093083988144,0.07065273510037991
5,-0.11398746901785094,-0.04909218531864648,0.19229644963684886,0.484431994716463,0.6887525514454939,0.9999999999996324,0.6851052520849025,0.5148932948877306,0.5339669099716018,0.3980466555860822,0.2601163156757518,0.17123236323809773,0.10331219227028209,0.014024019588117057,-0.013830645105509166,-0.05248429719305784,-0.0185325240950459,-0.022456870346772188,-0.09301004491815867,-0.09586373726783884,-0.11893034019173723,-0.12153986456842464,-0.12767437032959825,-0.07134994969031129,-0.04067959337329328,-0.026394282416378954,-0.08409430469756372,-0.06396567146217016,-0.013307569122866304,-0.061165730281269585,-0.06369001014778021,-0.05204367342649559,-0.051832245753106077,-0.09630271620158308,-0.16156496130555237,-0.18388978841498063,-0.10291790634595689,-0.046269370765191,-0.17198853611172832,-0.18239017094954163,-0.22876029213316593,-0.2016178854972603,-0.1736340033152686,-0.11201718907958196,-0.06694999964345431,-0.03618693258415538,0.011089627255630952,0.12342240089760828,0.1602540404187178,0.1669504454180669,0.05034638455369923,-0.10042015550635239,-0.1866394552874402,-0.21329541268522406,-0.22412510345082362,-0.1834955194082211,-0.1892179889735962,-0.13626620099466077,-0.02606810079045964,0.12901546184138593,0.1830815918893086,0.10226279045600419,0.04914655181915471,0.04346143231252997,0.09421082113452875,0.09077176165452602,0.1723584584145772,0.19955030060446602,0.20845740024926615,0.1674213897945134,0.13381872096607597,0.15229528854927937,0.1477565964729641,0.1265220709141155,0.0935454100295089,0.015289893886905674,0.05893670294954014,-9.144391849079347e-05,-0.012348749444037117,-0.045093750991611115,-0.07018911482342566,-0.12412832364416336,-0.17755601638614532,-0.16840059404130842,-0.17359080759511822,-0.1149805540206522,-0.20240423718769568,-0.17100353116808306,-0.15365885761334772,-0.12879247511388373,-0.16686439333049782,-0.20333773704419242,-0.15845385460110117,-0.15707265781802857,-0.201436946893279,-0.17117599356409346,-0.12906999971926097,-0.14277066149684106,-0.015442151737348895,-0.01805203583415342,-0.019452778922585498,-0.12206182962936664,-0.039153267216427014,-0.14085401849699264,-0.1796429215862574,-0.1521196517056873,-0.1443286142678692,-0.13443529740961724,-0.07637295543244017,-0.0766433984919194,-0.11820092378181297,-0.11152868561185145,-0.05184570067628359,-0.06419442087494516,-0.10124937151773443,-0.1115185216720777,-0.08049270100617584,-0.03565728405530967,0.019714053017393776,0.016553536636891106,0.04968818638856478,0.11691776116894421,0.11090734629294098,0.005309596216904598,0.11186341134683846,0.04179604218031003,-0.057086082073246336,0.1009952513794848,0.08097329010312201
6,-0.05514557982726767,0.024990052005234624,0.3448039914546934,0.5694620066878749,0.5597690640224865,0.6851052520849025,0.9999999999897454,0.7034054419094402,0.5051131726403877,0.5203211163339747,0.4603618874099603,0.3002622063437792,0.2123573065880169,0.18276099447940794,0.08284784091856899,0.03329813458282941,0.030545914211717286,0.015535491414901993,-0.0751329738840291,-0.06733479358459882,-0.07710353561343566,-0.12444968693695806,-0.11713384370497107,-0.09638641858368313,-0.04733637731696151,-0.06884453318114053,-0.11558909152950014,-0.007995995725946671,0.020022623862972898,-0.08717120205085403,-0.023888351139403567,0.03204629005196077,-0.0060228673361642105,-0.061856034166546385,-0.09963593776375583,-0.11529439547272323,-0.024015597967854557,0.02834054557976257,-0.09720888799004662,-0.08992634515107134,-0.16431322321158168,-0.13727228010412623,-0.11335101540103934,-0.00846816585703324,-0.014552808527829692,0.07409120434566684,0.10154549374324738,0.19135966881129093,0.15058264117042458,0.14645977481799483,0.02309531299054808,-0.01814897914875673,-0.15964609498366267,-0.1884973762858217,-0.16794013054579432,-0.07935892974380605,-0.06352500101353802,-0.05160013030056206,0.05370834824978309,0.06779218251129046,0.18853157165786702,0.11498967342140434,0.04542106728033737,-0.047457387793029604,-0.04660716360414885,-0.04107278293913754,-0.0041582902250910415,0.05699957318817361,0.1351697703445029,0.07707622627079827,0.06077326867744023,0.08126211426994882,0.08597846538094178,0.03780081696167625,0.04425811226469165,-0.040393840369403904,-0.06749685957324203,-0.1360644082169813,-0.14315757363585696,-0.1893756300564377,-0.18052540976716935,-0.21406427905807546,-0.19822572705232958,-0.17342276575710622,-0.1601985091293163,-0.11239492095585908,-0.17856036689943594,-0.14897460303903562,-0.17111234032330633,-0.159645434048252,-0.167120758370535,-0.17192858890514903,-0.1215619239533459,-0.0957118039876408,-0.10746040212004127,-0.0884612120926475,-0.03053590829646208,-0.024406697614175018,0.04155745062880957,0.062180932516373,0.03284997023752926,-0.010190175523730922,-0.019413102464010602,-0.11743683439997164,-0.19087102708738043,-0.18931821003678276,-0.16909011508584715,-0.13394152525021627,-0.09806469552580963,-0.10652888001110057,-0.14653333317202658,-0.13917251903014277,-0.08610346048717939,-0.1285528036047802,-0.1643640205056651,-0.19190423612903876,-0.14986239875174287,-0.14598901019201418,-0.11847790600010485,-0.10549609746520272,-0.0816261463852469,-0.048061912397640426,0.0020085249726749196,-0.012276108735316666,-0.007031349510617442,-0.019414094566722925,-0.026120036495212003,0.04270553697768754,0.0811316052382113
7,0.046493177088203164,0.11818932507161842,0.40278360194542256,0.4878513811810966,0.5048802903074723,0.5148932948877306,0.7034054419094402,1.0000000000221172,0.7263901165330205,0.5645155532305816,0.5875497192610015,0.5206848954822089,0.3338312917040215,0.2733872906050296,0.2131632430781733,0.14154791070960127,0.17436146605300765,0.10186463202670157,0.004941696221277779,0.04003838540013472,-0.00730770098367423,-0.04360255580533909,0.012772483989825651,0.03361234809000088,0.11639107494974126,0.017836195325849746,-0.00484627126931041,0.11537433876507802,0.08095111522913163,-0.0032318656636531615,0.09640116568298124,0.13796969312702806,0.06328641501762604,0.039991914551214994,0.023608455399515366,-0.011948755998699347,0.04786656988903344,0.12266193935971109,0.0027757384043848267,0.014662200731525628,-0.0548514156515292,-0.06489113445714734,-0.08238988097763271,-0.013433142025383192,0.005638389437851636,0.05273427020591355,0.0675047349237279,0.08009185279471773,0.044453477623295136,0.010768326761438471,-0.03292480267821486,-0.03580336321603844,-0.10455688044851119,-0.08307090465738294,-0.04332620707366745,-0.002650420143287144,-0.006739128060794451,-0.08770503347511299,-0.03383019104917534,-0.08730032955264953,-0.004478103883687119,-0.08999130015096633,-0.13418225796491512,-0.2063824018239865,-0.19070040200090407,-0.10071183013043997,-0.11784067912899808,-0.073282523161476,-0.035238096835414484,-0.06724375540280249,-0.11765441147620795,-0.07653977851417643,-0.06861465457950879,-0.12509101570387787,-0.10352049771959054,-0.17365580847707723,-0.18068750542443424,-0.23347399164536853,-0.23884611655275398,-0.2642402540536936,-0.22404466002525245,-0.25495370985034627,-0.22894818572953513,-0.18095244418730025,-0.14509010216252238,-0.08286898642977242,-0.09370769292353802,-0.05720073972645796,-0.08454758323971383,-0.12494317414542293,-0.16261809631381527,-0.12056281305569497,-0.0647711770724171,-0.12471103682762212,-0.11693820055702435,-0.06458151677690101,-0.029983012346207694,-0.037942852701876244,0.0147602614589163,0.03809830530760414,0.13361823144283966,0.1385590260218506,0.06442906321233292,-0.050885906406200596,-0.08329625434707962,-0.08455029062252357,-0.058855677144355335,-0.024816076785297816,0.006815152478462844,-0.0726601158807658,-0.09798086585044463,-0.10562442665732617,-0.04800466860803203,-0.11985851398010841,-0.10538004203872647,-0.12052288279070428,-0.11286693327295427,-0.12725327012680157,-0.12700478866711817,-0.10702882942366813,-0.06353960999201033,-0.1367194680468664,-0.07520147924605251,-0.08489139902912186,-0.16213075829779836,-0.23394645793680258,-0.26103848764956106,-0.11844542116003973,0.1529293469530055
8,-0.023495167965297173,0.030474192266953404,0.19459609995750415,0.3041178882276249,0.37857865528846874,0.5339669099716018,0.5051131726403877,0.7263901165330205,1.0000000000041733,0.7210112157622345,0.5577069136142707,0.5862812451724322,0.5117392055588331,0.3393650462621864,0.27049380311739185,0.22283647586032423,0.2441957349598387,0.16175753505281648,0.033309429796263335,0.0664825209061158,-0.012954678014830754,-0.029983125033126095,0.037164443514349346,0.09037163884546531,0.16510991985231965,0.10473814178865844,0.047223752069519676,0.11011601598427871,0.048968979125101834,-0.02423522177615999,0.01855356722072788,0.007300275232511413,-0.055128201597558636,-0.06737828712769783,-0.07876245206030542,-0.10757932446621835,-0.055062013942401636,-0.028888437068211655,-0.09951984822491484,-0.09542795106524964,-0.11405571319333152,-0.10731383849480157,-0.06376555012911257,0.007044984264375618,0.03860882477653034,0.06891648119887885,0.08646272425846956,0.09073859006736858,0.1401000737545883,0.0729570010461624,0.02798631123998038,-0.048153191856546096,-0.12064932753609997,-0.11528521649728117,-0.13061112857389695,-0.11199095867698988,-0.09232420485371394,-0.14486961227847792,-0.06957196764144846,-0.046909375567154514,-0.0011753596066115077,-0.08452360830953075,-0.136040731888322,-0.17507572521457757,-0.13806255634009063,-0.04334661642630342,-0.006498561300445429,0.009713667077989166,0.015395491281337374,0.0012600638205782617,-0.05660879344069499,-0.03776272491646638,-0.029354433561885305,-0.09169696993974834,-0.07301352334059188,-0.1391548706884378,-0.13061559885525278,-0.19753444507796142,-0.19012412183975685,-0.20937779237380305,-0.20293718779366438,-0.2390611542354153,-0.21270268614551782,-0.16414871926274555,-0.14741221961667164,-0.10741761386679062,-0.1221263273788865,-0.08669382640226433,-0.1013427493146333,-0.1217253319004637,-0.15956018611642303,-0.16918830100904747,-0.1239153388454917,-0.17029369943915376,-0.19451570222938197,-0.138388940114879,-0.12049051701635702,-0.12102455867413825,-0.00792960468387827,-0.031664691161541976,0.0792689307102557,0.053213973159631944,0.04661211651857437,-0.04314654929180592,-0.08916715725520809,-0.07959067184539138,-0.0795224546465945,-0.10060739598283444,-0.05104194505762314,-0.1297185647134176,-0.12139571977211679,-0.10656054010561435,-0.044743464162930735,-0.10675012002592925,-0.09900680319169637,-0.10218462382766155,-0.10660563526220004,-0.07843685795734326,-0.04375110142028834,-0.03756075357804133,0.043648202681993035,-0.046199704648301726,-0.07159803864007655,-0.0970663923034078,-0.07200659174106261,-0.191262346383014,-0.28257200321413,-0.06712312658280323,0.1596638086539107
9,-0.0667190407987372,-0.0191659890708386,0.11672087552868803,0.238969177369151,0.25271515058772037,0.3980466555860822,0.5203211163339747,0.5645155532305816,0.7210112157622345,0.9999999999804267,0.7569677360771382,0.6171369369074128,0.637354790722676,0.5735205514597908,0.3519878279812393,0.3016786324465084,0.22561015068993368,0.12844827358801733,0.016666756306681223,0.05001862322251304,-0.024288638289173464,-0.05985017858997426,-0.005739709406611077,0.06107591480346983,0.15031426797451167,0.07298513134532268,-0.014581891065624629,0.08402506473880415,0.07146821362644108,-0.06428241529116775,-0.020391458804170627,0.005792930802335379,-0.034775421755487125,-0.06843309239149985,-0.07103218387306227,-0.126879493523984,-0.06349971888954663,-0.07539603653774794,-0.13243663021733168,-0.10974050686421552,-0.1446166670265441,-0.13878063182082612,-0.009765873363979362,0.10207871122047324,0.12817821403187055,0.18387874798499684,0.19935124167506674,0.19165921344951348,0.18520923003824366,0.13989394088135987,0.0886770294977904,0.016031879007713915,-0.10720074583445979,-0.1525136760412973,-0.16237037743041136,-0.10763018644831976,-0.05159461347438567,-0.07960971069360516,0.023303953179069373,0.004758547244863035,0.07261730023896794,0.016809163733610948,-0.06582286597348157,-0.14054247311482437,-0.12090429621522768,-0.06447792784812642,-0.02653902158507838,0.017563147485863913,0.07370995368399373,0.05726112125335633,0.016565029294021812,0.021096806201483364,0.03073811218251776,-0.047276806994689564,-0.023094208572985327,-0.10254418369502051,-0.12738428732752335,-0.2016089835333553,-0.19784280970914556,-0.21536777704610818,-0.23437666248649666,-0.2611090679991392,-0.19980082588529913,-0.16465542375847395,-0.15598497800382227,-0.14793855295213698,-0.12907788028243752,-0.04893965582782702,-0.0956186491368402,-0.12750458995791247,-0.13177587817071806,-0.1542687467595439,-0.13494882095168456,-0.13851277490351874,-0.13226945439544052,-0.11662564808115283,-0.1085519711522135,-0.08847219704779055,0.003473417152987172,-0.017925334140575983,0.04203879925150743,0.01465524764073985,-0.002229836441890993,-0.09400250843984218,-0.1636399342442252,-0.18293712700375966,-0.16706288029661562,-0.1698060097033401,-0.14580358983976932,-0.17428904272421072,-0.1819419674812461,-0.19399420569351225,-0.13511716140083865,-0.13171840493533335,-0.18059218945720043,-0.18466579327259253,-0.17600330571812076,-0.16606419317542018,-0.14616372981403172,-0.14553471013518238,-0.021883108528392373,-0.1137632907396175,-0.09977842491177555,-0.03759777295551244,-0.0719615518188401,-0.14575984478470624,-0.18184080576097028,-0.06091368445978776,0.10574496082047324
10,-0.05609860026298724,-0.018095773887773177,0.13765259970276356,0.21143595981203137,0.178940504445998,0.2601163156757518,0.4603618874099603,0.5875497192610015,0.5577069136142707,0.7569677360771382,0.9999999999951189,0.7704985495747677,0.629210294117443,0.6549054559187244,0.47141882650389094,0.3647024992181064,0.28318799116434057,0.15021108755591034,0.05542195558190572,0.09259564965742718,0.017110426023051933,-0.034093077400482674,0.024087677803613428,0.06633472973556633,0.1621884343080909,0.04268665982711751,-0.004709972615483236,0.10958984570975856,0.08394041625647312,-0.05595199225861582,0.02426158171991101,0.05728428092229653,0.036374932381295126,0.005806465961285936,0.01536674799012519,-0.03985652629972975,-0.0005199075879011944,-0.014209164806043503,-0.0656858033557767,-0.04292490295489566,-0.08892918834203783,-0.06252005504362629,0.02379032295509489,0.11596217199553888,0.1097097521829339,0.17484187698864018,0.18615080955107435,0.14634130757952293,0.10805774134437936,0.04413090577645651,0.029025654719666165,0.03776686496233307,-0.05503752355144669,-0.09731312962742089,-0.06270791341478489,-0.01467751976950146,0.024604930382817712,-0.03135675711624753,0.018529531762322186,-0.06264293711378398,0.01078790322785501,-0.046482904151499596,-0.11173770821266132,-0.18585756344517673,-0.16701328603190155,-0.10965790527324494,-0.10514590895590155,-0.06177320473344106,-0.02977211051371051,-0.05670669430091344,-0.0888423860572872,-0.07675942831427356,-0.06209531957584904,-0.12696820129641068,-0.08279830717443631,-0.140662957905726,-0.17381416802492286,-0.22225199700266207,-0.21616940384481453,-0.22987120635531205,-0.2241956491609653,-0.2280790328939819,-0.157717350601316,-0.14027289768944526,-0.12614527903862813,-0.14227966112546955,-0.10433052361641504,-0.007143387292141088,-0.07011316008984937,-0.11422438887433689,-0.09234380273190047,-0.06556312141255809,-0.07232159096860301,-0.0744575429660154,-0.04589463850617596,-0.018770430268168332,-0.03810069985973055,-0.004887311612347198,0.06740614956192054,0.049851328951280284,0.09733742668069781,0.07393105575417652,0.02914216699793042,-0.057350406779582794,-0.11998517672571572,-0.15350966846032596,-0.13633673352084422,-0.10694412374499516,-0.11128504758714772,-0.14551708119781628,-0.16251774295021384,-0.18756414407429742,-0.13010629159518164,-0.1319168104186112,-0.15609069168868725,-0.17577405297922974,-0.15976729052201855,-0.17862222028175193,-0.1833910206421969,-0.1712854340217557,-0.08049027706924189,-0.19681059441707174,-0.15526634816148605,-0.09226514722001831,-0.1299774117494059,-0.19224790531623734,-0.22508389556418965,-0.13125292506579445,0.022209967718983464
11,-0.01568556091596074,0.012600793812981096,0.11271073775442281,0.1418135462597238,0.08701997272630999,0.17123236323809773,0.3002622063437792,0.5206848954822089,0.5862812451724322,0.6171369369074128,0.7704985495747677,0.9999999999922781,0.785400549097987,0.6208719666322011,0.5411353410635756,0.5023794257962995,0.47363520363334105,0.28127439940580884,0.14010247939621667,0.19822931555831916,0.07349292583581438,0.012961055216987134,0.11792795075713121,0.15239266076970323,0.23029290389534235,0.08176733515362941,0.07958279711836844,0.17357450634510183,0.09355436939959504,-0.031189162065135487,0.042665428799377667,0.04371210037833275,0.023603156675536693,0.012050020823569733,0.015078766897662715,-0.009397389721127249,0.01955773756715208,-0.008182950712451238,-0.04644712308778935,-0.037032887039369376,-0.052375388951398746,-0.021577339575671792,0.04334461741835409,0.11064812295299724,0.09966794316824464,0.11421498174651445,0.12383510436297286,0.0656719314691629,0.07863114803631659,-0.014086148921590817,-0.0007459068913768752,0.002708161931256933,-0.06460460239852384,-0.0820696357821436,-0.04885715595877461,-0.016306738495746136,-0.0013747068358137674,-0.08104178633785747,-0.06296314551267503,-0.12026060866688285,-0.07421660867091724,-0.11400289740071837,-0.17460432911838583,-0.23095811055747562,-0.2050704214639915,-0.12303556829597115,-0.12680573222113076,-0.09118131775747716,-0.07451595678935638,-0.1011135296732803,-0.13180104892956596,-0.14299232457482158,-0.13367738549470629,-0.19006664886498484,-0.14864562996192568,-0.1783176663759197,-0.20761238155784859,-0.22750439183259583,-0.21710519552443944,-0.22840744684234743,-0.21561759252678978,-0.20287616352394866,-0.1396107899864416,-0.1205460171275768,-0.09579756435759094,-0.11302629499906906,-0.027726933939092764,0.04130415833638308,-0.015935979353605013,-0.08577442079191235,-0.07235501266404432,-0.031288702825124866,-0.028550492870004628,-0.05581260433374524,-0.03005398185600327,0.019770424454117672,-0.02058754876050522,-0.0028510929694862746,0.07132439835839056,0.0390639769997283,0.10541307141426434,0.0650307558726364,0.025606860019270095,-0.02622700891803615,-0.07916905644730785,-0.09063548329609289,-0.07716152006170797,-0.09558946910942888,-0.096653353601688,-0.15603756951922806,-0.1587663647856709,-0.15487245063578003,-0.10248655936505219,-0.1263682470647541,-0.13412058935076862,-0.16245386601688472,-0.16994144360760471,-0.16002188669893616,-0.14935957266684652,-0.1486326188343559,-0.058753692814919406,-0.20542377301283585,-0.20116132370545475,-0.13157678587075128,-0.14162871596989032,-0.23823106962343876,-0.27044460585779945,-0.14247648443738561,0.016846903388294324
12,-0.03347749270473734,-0.018803750240029154,0.03241876050275358,0.06800160871005183,0.019282654165219446,0.10331219227028209,0.2123573065880169,0.3338312917040215,0.5117392055588331,0.637354790722676,0.629210294117443,0.785400549097987,1.0000000000024,0.7704442204035502,0.542580312554927,0.5593698174105853,0.4326560039416627,0.26482692985068,0.1018285804985731,0.14592715880738083,0.03857388384922755,-0.004731472170384523,0.10377768649351542,0.15254102347627424,0.23920926386278346,0.08679416368479424,0.04276540617232339,0.11675822955083846,0.049606558452504765,-0.0790116558810462,-0.023328602933642254,-0.02559600833981994,-0.0489000412321462,-0.04906145154013912,-0.027150658910311765,-0.058090796028941336,-0.035229765071441425,-0.05733447309162227,-0.07128665345353982,-0.05524874335845605,-0.06955706992202532,-0.04863178023474252,0.0672522661131649,0.13771009834906633,0.16326626866746002,0.17643701331079809,0.18738285142327127,0.12476412634407573,0.1300515610216447,0.0502520399207889,0.04750349440195667,0.015334145154166428,-0.06973558178525273,-0.09882023732893333,-0.10378256831946563,-0.06394221152971594,-0.022321157430658017,-0.08610622990146675,-0.033492276139913284,-0.0801252927289373,-0.02677696446747333,-0.05121013086820905,-0.13019062576913354,-0.1923880902702873,-0.1785287999748064,-0.0705244299402158,-0.076569781157163,-0.03323926388168813,-0.0029799141762161968,-0.05154755340037125,-0.07445338589205874,-0.07331028689652595,-0.06334095869739587,-0.1293756458003375,-0.08850841751628442,-0.1473103798732033,-0.17684685076846207,-0.21258133370141946,-0.19703125712738342,-0.19906819736950582,-0.20274835575473452,-0.20027955432558156,-0.14107723548299986,-0.12202746870877003,-0.11346765609824011,-0.12996260977629875,-0.05796420693857631,0.017867588406125977,-0.033257026892489557,-0.09808250663353438,-0.09097427810962047,-0.07876632413615843,-0.07963446370540432,-0.09928278548750964,-0.08021926100695696,-0.052694986152103246,-0.09357053185325111,-0.0575780131900453,0.005996912916009896,-0.035949046762219355,0.050014026889603,0.03518047683552091,0.0015293618530010477,-0.06074312285468255,-0.11405736255374394,-0.10849788353539101,-0.09433732551347358,-0.1410639807526893,-0.1258224066834214,-0.1640166025231474,-0.15188625885404938,-0.15012875480392754,-0.11387845600064278,-0.1183144034482768,-0.16051508069595452,-0.1647648494536914,-0.1746279420708347,-0.1659410904111937,-0.1485035226565883,-0.14073526696833608,-0.023441683780578215,-0.1604754039316542,-0.15430468705658343,-0.0736128490367144,-0.10572330897154124,-0.17799531000426216,-0.19939215589668144,-0.1161979255446529,0.0338874820661255
13,-0.0731758648261853,-0.03554812846319433,0.009466382001554164,0.03135397525523275,-0.01375091191193887,0.014024019588117057,0.18276099447940794,0.2733872906050296,0.3393650462621864,0.5735205514597908,0.6549054559187244,0.6208719666322011,0.7704442204035502,1.0000000000027303,0.6762154791651399,0.5173972801901123,0.2821289166326424,0.15497423858731899,0.09233362818105423,0.10552132098164972,0.04954126062423895,0.012057981380056135,0.05734481346755829,0.10762910028392327,0.2119017456316307,0.04907105223483095,-0.001959834365638376,0.10007921003530697,0.06804915033395294,-0.0722695258938434,-0.011422936421337161,0.016074826433559678,0.003204078882234156,0.009929948671002282,0.03913181455713624,-0.02308625842341945,0.010372719746733759,-0.02413988064323884,-0.04356790268233694,-0.036571837804911404,-0.04520070777170643,-0.017732649967875266,0.10899721789948756,0.18386008059720077,0.19213410524341895,0.2406933869226147,0.2500178687765627,0.1806128920356001,0.14105472031574795,0.06347916563732602,0.06822137448679115,0.08395755763618086,-0.009732457973839762,-0.05941747615538739,-0.055398613798741655,-0.016244292377917857,0.04353142028000881,-0.013709335202721377,0.04210692433271139,-0.06880972227421069,-0.00693615609683796,-0.028103717406554186,-0.10241663998453661,-0.17072156469371935,-0.16595629643623233,-0.0993305060103838,-0.11858097082482007,-0.06581626943229066,-0.023209102791118572,-0.0550525466703561,-0.0729144248938832,-0.0655912624123646,-0.054920816908110896,-0.1289934782532189,-0.09074000948879343,-0.1530163064682159,-0.19467902910737364,-0.2303879295959191,-0.20580317292406577,-0.18168996333108214,-0.19595868730932156,-0.1974490460488182,-0.11142825209611057,-0.11137652841898696,-0.09690047714679619,-0.13455478154690165,-0.07287618091579622,0.01174994590641618,-0.04964940858990138,-0.1187116994308999,-0.06737625205305894,-0.04571802750258069,-0.10388632992222684,-0.08059311137144433,-0.0035136789536863405,-0.021111902080426206,-0.07914863142750239,-0.029228284943078282,-0.004966502060415716,-0.011648394908641443,0.04866885447502233,0.07086672245749971,-0.023331302674153596,-0.07834253509377864,-0.13069591602576364,-0.15820468089311493,-0.1306231855241698,-0.13840065709599061,-0.13765508448414207,-0.13817806787243736,-0.15103999682784078,-0.19609107457116134,-0.16531701101842255,-0.1332229587478306,-0.16473648125242252,-0.16446637598720806,-0.16260210152255877,-0.17886848246758794,-0.17387789667088646,-0.15915421881108094,-0.045290299889885255,-0.1755571511047274,-0.13196631988210591,-0.03307856498183596,-0.12936158923806526,-0.17900726806832104,-0.13959919121432932,-0.13154989517290444,-0.015650318144467615
